n0
(99,188)-(99,188)
(99,188)-(99,190)
(99,193)-(99,193)
(99,193)-(99,191)
(99,191)-(99,191)
(99,191)-(99,190)
(99,190)-(99,190)
(99,190)-(99,191)
(98,187)-(98,187)
(98,187)-(98,186)
(98,186)-(98,186)
(98,186)-(98,187)
(70,197)-(63,197)
(63,197)-(63,200)
(51,236)-(51,236)
(51,236)-(51,234)
(29,230)-(30,230)
(30,230)-(30,230)
(29,234)-(29,234)
(29,234)-(29,233)
(30,230)-(29,230)
(29,230)-(29,230)
(51,234)-(51,234)
(51,234)-(51,236)
(53,242)-(51,242)
(51,242)-(51,236)
(29,233)-(29,233)
(29,233)-(29,234)
(75,230)-(88,230)
(88,230)-(88,239)
(63,200)-(70,200)
(70,200)-(70,197)
(88,239)-(75,239)
(75,239)-(75,230)
!
